n = 4

pattern1 :

* * * * 
* * * * 
* * * * 
* * * * 

pattern2 : 

* 
* * 
* * * 
* * * *

pattern3 :

* * * * 
* * * 
* * 
* 

pattern4 :

1 
1 2 
1 2 3 
1 2 3 4 

pattern5: 

* 
* * 
* * * 
* * * * 
* * * 
* * 
* 

pattern28 : 

   * 
  * * 
 * * * 
* * * * 
 * * * 
  * * 
   *

pattern30 :

      1 
    2 1 2 
  3 2 1 2 3 
4 3 2 1 2 3 4

pattern17 :

      1 
    2 1 2 
  3 2 1 2 3 
4 3 2 1 2 3 4 
  3 2 1 2 3 
    2 1 2 
      1 

pattern31a (min) :

0 0 0 0 0 0 0 0 0 
0 1 1 1 1 1 1 1 0 
0 1 2 2 2 2 2 1 0 
0 1 2 3 3 3 2 1 0 
0 1 2 3 4 3 2 1 0 
0 1 2 3 3 3 2 1 0 
0 1 2 2 2 2 2 1 0 
0 1 1 1 1 1 1 1 0 
0 0 0 0 0 0 0 0 0 

pattern31b : 

4 4 4 4 4 4 4 4 4 
4 3 3 3 3 3 3 3 4 
4 3 2 2 2 2 2 3 4 
4 3 2 1 1 1 2 3 4 
4 3 2 1 0 1 2 3 4 
4 3 2 1 1 1 2 3 4 
4 3 2 2 2 2 2 3 4 
4 3 3 3 3 3 3 3 4 
4 4 4 4 4 4 4 4 4 